Tweets,Retweets,Impressions,Engagements,Replies,Clicks,Likes,New Followers
122,534,659005,9312,28,271,4619,56